=== stream Project @13347 len 26 ===
 13347 00 00 00 00 00 00 00 18 00 05 00 43 00 41 00 54  ...........C.A.T
 13363 00 50 00 72 00 65 00 76 00 69  .P.r.e.v.i
=== stream ProjectHeader @13373 len 8 ===
 13373 00 65 00 77 00 00 00 00  .e.w....
=== stream TimeStamp @13381 len 7 ===
 13381 00 6a 00 00 00 11 00  .j.....
=== stream Data (first 800) @11619 len 1728 ===
 11619 01 c0 27 89 00 00 00 12 00 00 00 00 00 00 00 00  ..'.............
 11635 00 00 00 00 00 00 00 00 00 00 00 00 00 00 00 00  ................
 11651 00 00 00 00 00 00 00 00 00 00 00 01 00 00 0d be  ................
 11667 00 00 00 08 00 00 00 08 00 00 00 00 00 00 00 01  ................
 11683 00 00 00 03 00 00 00 02 00 00 00 07 00 00 00 00  ................
 11699 ca 33 5b 20 01 c0 27 89 ca 33 5b 20 01 c0 27 89  .3[ ..'..3[ ..'.
 11715 ca 33 5b 20 01 c0 27 89 00 00 00 12 00 00 00 00  .3[ ..'.........
 11731 00 00 00 00 00 00 00 00 00 00 00 00 00 00 00 00  ................
 11747 00 00 00 00 00 00 00 00 00 00 00 00 00 00 00 14  ................
 11763 00 54 00 69 00 6d 00 65 00 53 00 74 00 61 00 6d  .T.i.m.e.S.t.a.m
 11779 00 70 00 00 00 00 00 6a 00 00 00 0a 00 02 00 00  .p.....j........
 11795 00 02 00 00 00 07 00 00 00 00 ca 33 5b 20 01 c0  ...........3[ ..
 11811 27 89 ca 33 5b 20 01 c0 27 89 ca 33 5b 20 01 c0  '..3[ ..'..3[ ..
 11827 27 89 00 00 00 12 00 00 00 00 00 00 00 00 00 00  '...............
 11843 00 00 00 00 00 00 00 00 00 00 00 00 00 00 00 00  ................
 11859 00 00 00 00 00 00 00 00 00 01 00 00 0d c6 00 00  ................
 11875 00 07 00 00 00 07 00 00 00 00 00 00 00 01 00 00  ................
 11891 00 03 00 00 00 01 00 00 00 8e 00 00 00 00 ca 33  ...............3
 11907 5b 20 01 c0 27 89 ca 33 5b 20 01 c0 27 89 ca 33  [ ..'..3[ ..'..3
 11923 5b 20 01 c0 27 89 00 00 00 12 00 00 00 00 00 00  [ ..'...........
 11939 00 00 00 00 00 00 00 00 00 00 00 00 00 00 00 00  ................
 11955 00 00 00 00 00 00 00 00 00 00 00 00 00 34 00 38  .............4.8
 11971 00 62 00 36 00 61 00 65 00 66 00 65 00 30 00 5f  .b.6.a.e.f.e.0._
 11987 00 32 00 63 00 37 00 5f 00 33 00 39 00 64 00 30  .2.c.7._.3.9.d.0
 12003 00 34 00 64 00 36 00 38 00 5f 00 34 00 63 00 65  .4.d.6.8._.4.c.e
 12019 00 00 00 00 00 6a 00 00 00 0b 00 01 00 00 00 01  .....j..........
 12035 00 00 00 8e 00 00 00 00 ca 33 5b 20 01 c0 27 89  .........3[ ..'.
 12051 ca 33 5b 20 01 c0 27 89 ca 33 5b 20 01 c0 27 89  .3[ ..'..3[ ..'.
 12067 00 00 00 12 00 00 00 00 00 00 00 00 00 00 00 00  ................
 12083 00 00 00 00 00 00 00 00 00 00 00 00 00 00 00 00  ................
 12099 00 00 00 00 00 00 00 01 00 00 10 d7 00 00 00 8e  ................
 12115 00 00 00 8e 00 00 00 00 00 00 00 01 00 00 00 0b  ................
 12131 00 00 00 02 00 00 01 c0 00 00 00 00 ca 33 5b 20  .............3[ 
 12147 01 c0 27 89 ca 33 5b 20 01 c0 27 89 ca 33 5b 20  ..'..3[ ..'..3[ 
 12163 01 c0 27 89 00 00 00 12 00 00 00 00 00 00 00 00  ..'.............
 12179 00 00 00 00 00 00 00 00 00 00 00 00 00 00 00 00  ................
 12195 00 00 00 00 00 00 00 00 00 00 00 3e 00 43 00 6f  ...........>.C.o
 12211 00 6e 00 74 00 5f 00 38 00 62 00 36 00 61 00 65  .n.t._.8.b.6.a.e
 12227 00 66 00 65 00 30 00 5f 00 32 00 63 00 37 00 5f  .f.e.0._.2.c.7._
 12243 00 33 00 39 00 64 00 30 00 34 00 64 00 36 00 38  .3.9.d.0.4.d.6.8
 12259 00 5f 00 34 00 63 00 65 00 00 00 00 00 6a 00 00  ._.4.c.e.....j..
 12275 00 0c 00 02 00 00 00 02 00 00 01 c0 00 00 00 00  ................
 12291 ca 33 5b 20 01 c0 27 89 ca 33 5b 20 01 c0 27 89  .3[ ..'..3[ ..'.
 12307 ca 33 5b 20 01 c0 27 89 00 00 00 12 00 00 00 00  .3[ ..'.........
 12323 00 00 00 00 00 00 00 00 00 00 00 00 00 00 00 00  ................
 12339 00 00 00 00 00 00 00 00 00 00 00 00 00 00 00 01  ................
 12355 00 00 0d cd 00 00 01 c0 00 00 01 c0 00 00 00 00  ................
 12371 00 00 00 01 00 00 00 0b 00 00 00 02 00 00 01 4a  ...............J
 12387 00 00 00 00 ca 33 5b 20 01 c0 27 89 ca 33 5b 20  .....3[ ..'..3[ 
 12403 01 c0 27 89 ca 33 5b 20 01 c0 27 89 00 00 00 12  ..'..3[ ..'.....
=== stream >Cont_... (448) @13388 len 448 ===
 13388 02 00 00 00 02 00 00 08 43 00 00 00 00 ca 34 e1  ........C.....4.
 13404 c0 01 c0 27 89 ca 34 e1 c0 01 c0 27 89 ca 34 e1  ...'..4....'..4.
 13420 c0 01 c0 27 89 00 00 00 12 00 00 00 00 00 00 00  ...'............
 13436 00 00 00 00 00 00 00 00 00 00 00 00 00 00 00 00  ................
 13452 00 00 00 00 00 00 00 00 00 00 00 00 01 00 00 1a  ................
 13468 f4 00 00 08 43 00 00 08 43 00 00 00 00 00 00 00  ....C...C.......
 13484 01 00 00 00 02 00 00 00 02 00 00 00 fe 00 00 00  ................
 13500 00 ca 34 e1 c0 01 c0 27 89 ca 34 e1 c0 01 c0 27  ..4....'..4....'
 13516 89 ca 34 e1 c0 01 c0 27 89 00 00 00 12 00 00 00  ..4....'........
 13532 00 00 00 00 00 00 00 00 00 00 00 00 00 00 00 00  ................
 13548 00 00 00 00 00 00 00 00 00 00 00 00 00 00 00 00  ................
 13564 28 00 03 00 43 00 41 00 54 00 53 00 74 00 6f 00  (...C.A.T.S.t.o.
 13580 72 00 61 00 67 00 65 00 50 00 72 00 6f 00 70 00  r.a.g.e.P.r.o.p.
 13596 65 00 72 00 74 00 79 00 00 00 00 00 6a 00 00 00  e.r.t.y.....j...
 13612 12 00 02 00 00 00 02 00 00 00 fe 00 00 00 00 ca  ................
 13628 34 e1 c0 01 c0 27 89 ca 34 e1 c0 01 c0 27 89 ca  4....'..4....'..
 13644 34 e1 c0 01 c0 27 89 00 00 00 12 00 00 00 00 00  4....'..........
 13660 00 00 00 00 00 00 00 00 00 00 00 00 00 00 00 00  ................
 13676 00 00 00 00 00 00 00 00 00 00 00 00 00 00 01 00  ................
 13692 00 23 37 00 00 00 fe 00 00 00 fe 00 00 00 00 00  .#7.............
 13708 00 00 01 00 00 0f 1c 43 42 5f 5f 45 4e 44 00 00  .......CB__END..
 13724 00 00 00 00 00 00 00 00 00 00 00 00 00 00 00 00  ................
 13740 00 00 00 00 00 00 00 00 00 00 00 00 00 00 00 00  ................
 13756 00 00 00 00 00 00 00 00 00 00 00 00 00 00 00 00  ................
 13772 00 00 00 00 00 00 00 00 00 00 00 00 00 00 00 00  ................
 13788 00 00 00 00 00 00 00 00 00 00 00 00 00 00 00 00  ................
 13804 00 00 00 00 00 00 00 00 00 00 00 00 00 00 00 00  ................
 13820 00 00 00 00 00 00 00 00 00 00 00 00 00 00 00 00  ................
=== FINJPL area 4303..4460 ===
  4303 46 49 4e 4a 50 4c 20 20 00 00 00 8e 00 00 00 0b  FINJPL  ........
  4319 00 00 00 02 00 00 00 36 00 00 00 0d 00 02 00 00  .......6........
  4335 00 28 00 03 00 43 00 41 00 54 00 53 00 74 00 6f  .(...C.A.T.S.t.o
  4351 00 72 00 61 00 67 00 65 00 50 00 72 00 6f 00 70  .r.a.g.e.P.r.o.p
  4367 00 65 00 72 00 74 00 79 00 00 00 00 00 4c 00 00  .e.r.t.y.....L..
  4383 00 0c 00 02 00 00 00 3e 00 43 00 6f 00 6e 00 74  .......>.C.o.n.t
  4399 00 5f 00 38 00 62 00 36 00 61 00 65 00 66 00 65  ._.8.b.6.a.e.f.e
  4415 00 30 00 5f 00 32 00 63 00 37 00 5f 00 33 00 39  .0._.2.c.7._.3.9
  4431 00 64 00 30 00 34 00 64 00 36 00 38 00 5f 00 34  .d.0.4.d.6.8._.4
  4447 00 63 00 65 00 00 4e 11 00 00 00 44 41 53 53 41  .c.e..N....DASSA
--- ASCII runs ---
@     0 b'V5_CFV2'
@  1804 b'CATProdCont'
@  1816 b'CATFeatCont'
@  1869 b'catalogManager'
@  1920 b'catalogLinks'
@  1962 b'Product1'
@  2046 b'_ViewsList'
@  2067 b'_Connectors'
@  2089 b'_RepresentedBy'
@  2114 b'_Component'
@  2135 b'_PartNumber'
@  2157 b'_BagRepsList'
@  2180 b'_PrdVersion'
@  2202 b'_PubConnectors'
@  2227 b'_AttrForLiterals'
@  2254 b'_RefProduct'
@  2376 b'ParameterSet'
@  2465 b'Components'
@  2488 b'Material'
@  2710 b'Part1_geom'
@  2952 b'CATCatalogManager'
@  3147 b'CreationDate'
@  3161 b'Identifier'
@  3173 b'OwnerName'
@  3191 b'IsRoot'
@  3245 b'VPGlobal'
@  3332 b'CATCompoundCont'
@  3348 b'CATContainer'
@  3428 b'CameraStartupContainer'
@  3451 b'CATFeatCont'
@  3542 b'catalogManager'
@  3593 b'catalogLinks'
@  3623 b'* Document Default Camera'
@  3673 b'matrix'
@  3814 b'viewAngle'
@  3894 b'CATCatalogManager'
@  3918 b'CATCameraFeat'
@  3936 b'CreationDate'
@  3950 b'Identifier'
@  3962 b'OwnerName'
@  3986 b'DASSAULT-SYSTEMES'
@  4016 b'041803P'
@  4109 b'CATStorageProperty'
@  4146 b'CATUnicodeString'
@  4170 b'CameraStartupContainer'
@  4201 b'CameraStartupContainer'
@  4227 b'CATOctetArray'
@  4303 b'FINJPL  '
@  4458 b'DASSAULT-SYSTEMES'
@  4488 b'041803P'
@  4581 b'CATStorageProperty'
@  4618 b'CATUnicodeString'
@  4642 b'CATProduct'
@  4661 b'CATProduct'
@  4675 b'__NULL_POINTER'
@  4698 b'CATOctetArray'
@  4774 b'FINJPL  N'
@  4787 b'DASSAULT-SYSTEMES'
@  4817 b'041803P'
@  4910 b'CATDocumentProperty'
@  4948 b'CATSymbolProperty'
@  4979 b'CATOctetArray'
@  6846 b'FINJPL  '
@  6863 b'CATSummaryInformation'
@  6890 b'CATPreview'
@  6928 b'JPEG Pro'
@  6975 b' $.\' ",#'
@  6985 b'(7),01444'
@  6995 b"'9=82<.342"
@  7019 b'!22222222222222222222222222222222222222222222222222'
@  8531 b'm=cE%Q:Z'
@  9020 b'DASSAULT-SYSTEMES'
@  9050 b'041803P'
@  9143 b'CATStorageProperty'
@  9180 b'CATUnicodeString'
@  9218 b'Print.CATProduct'
@  9238 b'__NULL_POINTER'
@  9261 b'FINJPL  '
@  9855 b'CATIA_V5 CB0001'
@ 13715 b'CB__END'
